%% meta.m

% last edit: jen nguyen, 2017 March 6th


% some useful metadata for each successful fluctuating experiment
% info, by column:

%       1. first xy position of condition
%       2. final xy position of condition
%       3. start time (hr) of steady-state behavoir, as eyeballed from mu v time plot
%       4. end time (hr) of steady-state behavoir, as eyeballed


% intended use:
%       1. save each meta matrix as 'meta.mat' in appropriate expt folder
%       2. load during analyses that require info, such as steady-state timeframes


%% t300

% 1.  2017-01-06 (t300)
meta_2017jan06 = [1 10 3 7.5; 11 20 4 7.5; 21 30 3 7.5; 31 40 3 7.5];


% 2.  2017-01-16 (t300)
meta_2017jan16 = [1 10 2.5 8; 11 20 3.5 8; 21 30 2.5 8; 31 40 2.5 8];


% 3.  2017-01-17 (t300)
meta_2017jan17 = [1 10 3.5 9; 11 20 4 7.5; 21 30 3.5 7.5; 31 40 2 7.5];


% 4.  2017-01-18 (t300)
meta_2017jan18 = [1 10 4 9; 11 20 4 9; 21 30 3 9; 31 40 2.5 9];


% 5.  2017-02-10 (t300)
meta_2017feb10 = [1 10 3.5 7.5; 11 20 4.5 9; 21 30 3 9; 31 40 2 9];


% 6.  2017-02-11 (t300)
meta_2017feb11 = [1 10 4.5 8.5; 11 20 5 8.5; 21 30 4 8.5; 31 40 2.5 8.5];



%% t900

% 1.  2016-10-20 (t900)
meta_2016oct20 = [1 10 2.5 5; 11 20 NaN NaN; 21 30 2.5 5; 31 40 2.5 6.5];


% 2.  2017-01-10 (t900)
meta_2017jan10 = [1 10 3 7.5; 11 20 NaN NaN; 21 30 3 7.5; 31 40 NaN NaN];


% 2.  2017-02-14 (t900)
meta_2017feb14 = [1 10 NaN NaN; 11 20 NaN NaN; 21 30 NaN NaN; 31 40 NaN NaN];


